Epoch:10
mAP: 0.4356351724877781
AP_50: 0.7384398946344904
AP_75: 0.44366400124564204
AP_small: 0.29293933445821185
AP_m: 0.4320012065557016
AP_l: 0.5518785267068871
Epoch:20
mAP: 0.4871641931125082
AP_50: 0.799060987818597
AP_75: 0.5186224239059395
AP_small: 0.3448563642236644
AP_m: 0.5032632826026656
AP_l: 0.5650075362724248
Epoch:40
mAP: 0.506947490983524
AP_50: 0.8131691903297327
AP_75: 0.548433418704088
AP_small: 0.3784208180743179
AP_m: 0.5065210824549107
AP_l: 0.6176599246649168
Epoch:50
mAP: 0.509185639703775
AP_50: 0.8147247126684574
AP_75: 0.5556109630356183
AP_small: 0.3704361138499308
AP_m: 0.5242934701549149
AP_l: 0.6034996822002676
